MESH 1
numJoints 0
numMaterials 4
materials {
	"Brick_mat" "D:/Users/Perforce/Products/Industrial City/Working Files/Source/IndustrialCity/Textures/Brick_A.tga" "" ""
	"Concrete" "D:/Users/Perforce/Products/Industrial City/Working Files/Source/IndustrialCity/Textures/SmoothConcrete_A.tga" "" ""
	"Glass" "" "" ""
	"ChippedWood_mat" "D:/Users/Perforce/Products/Industrial City/Working Files/Source/IndustrialCity/Textures/ChippedWood_A.tga" "" ""
}
numSubMeshes 1
subMeshes {
	subMesh "BuildingC_Bottom_Wall_VarB_LOD1" -1 {
		hasMaterial true
		hasNormals true
		hasTangents false
		hasVertexColors false
		numVerts 106
		verts {
			( 0 0 0 ) 0 
			( -0 0 400 ) 0 
			( -300 0 400 ) 0 
			( -300 0 -0 ) 0 
			( -0 -50.0000190735 0 ) 0 
			( -0 -50.0000114441 400 ) 0 
			( -300 -50.0000114441 400 ) 0 
			( -300 -50.0000190735 -0 ) 0 
			( -49.7648925781 0 -0 ) 0 
			( -250 0 -0 ) 0 
			( -50.0506286621 0 260.29296875 ) 0 
			( -50.0506286621 -50.0000190735 260.29296875 ) 0 
			( -250 0 260.0560302734 ) 0 
			( -250 -50.0000190735 260.0560302734 ) 0 
			( -50.0506286621 -25.0000095367 260.29296875 ) 0 
			( -250 -25.0000095367 260.0560302734 ) 0 
			( -0 0 372.9893798828 ) 0 
			( -300 0 372.6397705078 ) 0 
			( -49.8749771118 -50.0000190735 100.2830123901 ) 0 
			( -250 -50.0000190735 100.0309448242 ) 0 
			( -49.8749771118 -25.0000095367 100.2830047607 ) 0 
			( -250 -25.0000095367 100.0309448242 ) 0 
			( -49.7648925781 -4.5617246628 -0 ) 0 
			( -49.8749771118 -4.5617246628 100.2830047607 ) 0 
			( -50.0506286621 -7.6823525429 260.29296875 ) 0 
			( -250 -7.6823525429 260.0560302734 ) 0 
			( -250 -4.5617246628 100.0309448242 ) 0 
			( -250 -4.5617246628 -0 ) 0 
			( -116.5098571777 -4.5617237091 -0 ) 0 
			( -116.5832366943 -4.5617237091 100.1989822388 ) 0 
			( -116.5832366943 -25.0000095367 100.1989746094 ) 0 
			( -183.2549285889 -4.5617237091 -0 ) 0 
			( -183.2916259766 -4.5617237091 100.1149749756 ) 0 
			( -183.2916259766 -25.0000095367 100.1149673462 ) 0 
			( -49.8749809265 -9.8498649597 100.2830047607 ) 0 
			( -116.5832366943 -9.849864006 100.1989822388 ) 0 
			( -183.2916259766 -9.849864006 100.1149749756 ) 0 
			( -250.0000305176 -9.8498649597 100.0309448242 ) 0 
			( -250.0000305176 -12.1630706787 260.0560302734 ) 0 
			( -50.0506286621 -12.1630706787 260.29296875 ) 0 
			( -116.5098571777 -9.849864006 -0 ) 0 
			( -183.2549285889 -9.849864006 -0 ) 0 
			( -54.644744873 -26.0337238312 105.1155548096 ) 0 
			( -54.644744873 -23.9663906097 105.1155548096 ) 0 
			( -54.644744873 -26.0337238312 255.2862701416 ) 0 
			( -54.644744873 -23.9663906097 255.2862701416 ) 0 
			( -245.2302246094 -26.0337238312 255.2862701416 ) 0 
			( -245.2302246094 -23.9663906097 255.2862701416 ) 0 
			( -245.2302246094 -26.0337238312 105.1155548096 ) 0 
			( -245.2302246094 -23.9663906097 105.1155548096 ) 0 
			( -49.8749771118 -37.5415878296 100.3457870483 ) 0 
			( -49.8749771118 -12.4584293365 100.3457870483 ) 0 
			( -49.8749771118 -37.5415878296 105.1155548096 ) 0 
			( -49.8749771118 -12.4584293365 105.1155548096 ) 0 
			( -250 -37.5415878296 105.1155548096 ) 0 
			( -250 -12.4584293365 105.1155548096 ) 0 
			( -250 -37.5415878296 100.3457870483 ) 0 
			( -250 -12.4584293365 100.3457870483 ) 0 
			( -54.644744873 -30.5066070557 148.9003143311 ) 0 
			( -54.644744873 -19.4934082031 148.9003143311 ) 0 
			( -54.644744873 -30.5066070557 152.9204559326 ) 0 
			( -54.644744873 -19.4934082031 152.9204559326 ) 0 
			( -245.2302246094 -30.5066070557 152.9204559326 ) 0 
			( -245.2302246094 -19.4934082031 152.9204559326 ) 0 
			( -245.2302246094 -30.5066070557 148.9003143311 ) 0 
			( -245.2302246094 -19.4934082031 148.9003143311 ) 0 
			( -113.7033004761 -28.2284622192 105.1155548096 ) 0 
			( -113.7033004761 -21.7715530396 105.1155548096 ) 0 
			( -113.7033004761 -28.2284622192 255.2862701416 ) 0 
			( -113.7033004761 -21.7715530396 255.2862701416 ) 0 
			( -119.4632034302 -28.2284622192 255.2862701416 ) 0 
			( -119.4632034302 -21.7715530396 255.2862701416 ) 0 
			( -119.4632034302 -28.2284622192 105.1155548096 ) 0 
			( -119.4632034302 -21.7715530396 105.1155548096 ) 0 
			( -180.4116821289 -28.2284622192 105.1155548096 ) 0 
			( -180.4116821289 -21.7715530396 105.1155548096 ) 0 
			( -180.4116821289 -28.2284622192 255.2862701416 ) 0 
			( -180.4116821289 -21.7715530396 255.2862701416 ) 0 
			( -186.1715698242 -28.2284622192 255.2862701416 ) 0 
			( -186.1715698242 -21.7715530396 255.2862701416 ) 0 
			( -186.1715698242 -28.2284622192 105.1155548096 ) 0 
			( -186.1715698242 -21.7715530396 105.1155548096 ) 0 
			( -250 -37.5415878296 105.1155548096 ) 0 
			( -250 -12.4584274292 105.1155548096 ) 0 
			( -245.2302246094 -37.5415878296 105.1155548096 ) 0 
			( -245.2302246094 -12.4584274292 105.1155548096 ) 0 
			( -245.2302398682 -37.5415878296 255.2862701416 ) 0 
			( -245.2302398682 -12.4584274292 255.2862701416 ) 0 
			( -250.0000305176 -37.5415878296 255.2862701416 ) 0 
			( -250.0000305176 -12.4584274292 255.2862701416 ) 0 
			( -49.8749771118 -37.5415878296 255.2862701416 ) 0 
			( -49.8749771118 -12.4584293365 255.2862701416 ) 0 
			( -49.8749771118 -37.5415878296 260.0560302734 ) 0 
			( -49.8749771118 -12.4584293365 260.0560302734 ) 0 
			( -250 -37.5415878296 260.0560302734 ) 0 
			( -250 -12.4584293365 260.0560302734 ) 0 
			( -250 -37.5415878296 255.2862701416 ) 0 
			( -250 -12.4584293365 255.2862701416 ) 0 
			( -54.644744873 -37.5415878296 105.1155548096 ) 0 
			( -54.644744873 -12.4584274292 105.1155548096 ) 0 
			( -49.8749694824 -37.5415878296 105.1155471802 ) 0 
			( -49.8749694824 -12.4584274292 105.1155471802 ) 0 
			( -49.8749771118 -37.5415878296 255.286239624 ) 0 
			( -49.8749771118 -12.4584274292 255.286239624 ) 0 
			( -54.6447525024 -37.5415878296 255.2862701416 ) 0 
			( -54.6447525024 -12.4584274292 255.2862701416 ) 0 
		}
		numTVerts 180
		tverts {
			( -1 2 )
			( 1 2 )
			( 0.9956894517 -0.6534205675 )
			( -0.9957581162 -0.6533447504 )
			( 4.8547792435 2.3887319565 )
			( 4.8547449112 -0.2533354759 )
			( 2.8732082844 -0.2532904148 )
			( 2.8733029366 2.3887681961 )
			( -0.6706246734 2.0001211166 )
			( 0.6690621972 2.000125885 )
			( -0.6647695899 0.2744774818 )
			( 4.5241832733 0.6694602966 )
			( 0.6650642157 0.2760080695 )
			( 3.2034814358 0.6710550785 )
			( -0.6649481058 0.4407483935 )
			( 0.6648625731 0.442278564 )
			( 0.4992887378 0.27643013 )
			( -0.4989965856 0.275077343 )
			( 3.2036705017 0.8361750841 )
			( 4.5243897438 0.8345799446 )
			( 4.3590445518 0.6696538925 )
			( 3.3686163425 0.6710606813 )
			( -0.9957516193 -0.4740437269 )
			( 0.9956963062 -0.4717988968 )
			( 4.5252175331 1.7264896631 )
			( 3.203646183 1.728176713 )
			( -0.5027464628 1.3359786272 )
			( 4.3602294922 1.7265321016 )
			( 0.5018986464 1.3374609947 )
			( 3.3686420918 1.728038311 )
			( -0.6403468251 1.9999301434 )
			( -0.6581928134 1.2720496655 )
			( -0.6648210883 0.3255726099 )
			( -0.6138251424 0.2746630907 )
			( 0.6141214967 0.2761389613 )
			( 0.6650013328 0.3271030784 )
			( 0.6174728274 1.273675561 )
			( 0.6188438535 1.9364557266 )
			( -0.6571146846 1.1391358376 )
			( 0.6167301536 1.1407724619 )
			( 4.525147438 1.5612125397 )
			( 3.2033014297 1.5629081726 )
			( -0.219609946 1.9341561794 )
			( -0.2225542963 1.2726892233 )
			( 4.0845327377 1.5617778301 )
			( -0.2235091627 1.1426408291 )
			( 0.1781737208 1.934109211 )
			( 0.1818648428 1.2732152939 )
			( 3.6439170837 1.5623430014 )
			( 0.1126010567 1.2397979498 )
			( -0.6031907201 1.3356183767 )
			( -0.6578971744 1.2376016378 )
			( -0.2232696414 1.2381345034 )
			( 0.1124757379 1.3393967152 )
			( 0.6172617674 1.2392317057 )
			( 0.6023513079 1.3372064829 )
			( 0.5844094157 0.2762138247 )
			( 0.6649669409 0.3569036722 )
			( -0.6648548245 0.3553722501 )
			( -0.5841134787 0.2747697234 )
			( -0.3261061311 1.3388451338 )
			( -0.3266224563 1.9975973368 )
			( 0.1122689098 1.9975939989 )
			( -0.1847035885 1.9339990616 )
			( -0.1876402646 1.27252841 )
			( 0.1469511986 1.2730153799 )
			( 0.1432589144 1.9339102507 )
			( 0.182667464 1.2386649847 )
			( 0.1831545532 1.1431758404 )
			( -0.3259801269 1.2392462492 )
			( 1.3593254089 -0.4471911192 )
			( 1.2761301994 -0.4471911192 )
			( 1.2761301994 -0.4313709736 )
			( 1.3593254089 -0.4313709736 )
			( 1.2761301994 0.2323975563 )
			( 1.3593254089 0.2323980331 )
			( 1.2761300802 0.2482174635 )
			( 1.3593251705 0.2482184172 )
			( 1.3751455545 0.2323977947 )
			( 1.4583406448 0.2323977947 )
			( 1.4583406448 -0.4313709736 )
			( 1.3751455545 -0.4313709736 )
			( 1.2603100538 0.2323977947 )
			( 1.2603100538 -0.4313709736 )
			( 2.468193531 -0.3297948837 )
			( 2.5047216415 -0.3297941685 )
			( 2.5047221184 -0.3431277275 )
			( 2.4681940079 -0.3431289196 )
			( 2.5180416107 0.3024567366 )
			( 2.5545716286 0.3024567962 )
			( 2.5545837879 -0.3297944069 )
			( 2.5180556774 -0.3297944069 )
			( 2.4682118893 0.3157657385 )
			( 2.5047469139 0.3158376813 )
			( 2.5047066212 0.3024579287 )
			( 2.4681799412 0.3024534583 )
			( 2.5679080486 0.3024563193 )
			( 2.5679175854 -0.3297944069 )
			( 2.3772864342 0.2425553799 )
			( 2.3987026215 0.2425562143 )
			( 2.3987026215 -0.2555267811 )
			( 2.3772864342 -0.2555263042 )
			( 2.3987059593 -0.2769438028 )
			( 2.4178068638 -0.2555258274 )
			( 2.4178102016 -0.2769408226 )
			( 2.4392230511 -0.2555263042 )
			( 2.4178068638 0.242554605 )
			( 2.4392230511 0.2425553799 )
			( 2.417812109 0.2639691234 )
			( 2.3987078667 0.2639738321 )
			( 2.3581824303 0.2425553799 )
			( 2.3581824303 -0.2555263042 )
			( 2.2017467022 0.268966198 )
			( 2.2231628895 0.2689663172 )
			( 2.2231631279 -0.2291156054 )
			( 2.2017469406 -0.2291154861 )
			( 2.22315979 -0.2505309582 )
			( 2.2422673702 -0.2291169167 )
			( 2.2422637939 -0.2505339384 )
			( 2.2636833191 -0.2291164398 )
			( 2.2422668934 0.268964529 )
			( 2.2636830807 0.2689652443 )
			( 2.2422721386 0.2903790474 )
			( 2.2231678963 0.2903835773 )
			( 2.282787323 0.2689652443 )
			( 2.282787323 -0.2291164398 )
			( 1.5733230114 0.22793293 )
			( 1.6565179825 0.22793293 )
			( 1.6565179825 0.2121127844 )
			( 1.5733230114 0.212112546 )
			( 1.6565201283 -0.2859683037 )
			( 1.5733249187 -0.2859699726 )
			( 1.6565208435 -0.301787138 )
			( 1.5733258724 -0.3017911911 )
			( 1.5575046539 -0.2859692574 )
			( 1.4743095636 -0.2859694958 )
			( 1.4743077755 0.2121120691 )
			( 1.557502985 0.2121123672 )
			( 1.6723380089 0.2121129036 )
			( 1.6723403931 -0.2859686613 )
			( 2.1075558662 -0.3901234865 )
			( 2.0243608952 -0.3901234865 )
			( 2.0243608952 -0.3743035793 )
			( 2.1075558662 -0.3743031025 )
			( 2.0243551731 0.2894650698 )
			( 2.1075501442 0.2894659042 )
			( 2.0243551731 0.3052850962 )
			( 2.1075499058 0.3052861691 )
			( 1.9253396988 0.2894642353 )
			( 2.0085349083 0.2894649506 )
			( 2.0085406303 -0.3743036985 )
			( 1.9253454208 -0.374304533 )
			( 1.9095253944 -0.3743046522 )
			( 1.909519434 0.2894641161 )
			( 1.79210186 -0.2881616354 )
			( 1.8752965927 -0.2881612778 )
			( 1.8752968311 -0.3039814234 )
			( 1.79210186 -0.3039822578 )
			( 1.7762815952 -0.2881615162 )
			( 1.6930863857 -0.2881615162 )
			( 1.6930863857 0.2099201679 )
			( 1.7762813568 0.2099200487 )
			( 1.79210186 0.2257405519 )
			( 1.8752968311 0.2257403135 )
			( 1.8752965927 0.2099201679 )
			( 1.79210186 0.2099201679 )
			( 1.8911168575 0.2099200487 )
			( 1.8911168575 -0.2881615162 )
			( 0.6374127865 1.3371208906 )
			( 0.6387838125 1.9999010563 )
			( -0.6602867842 1.9364848137 )
			( -0.6382528543 1.3354949951 )
			( 0.0235362947 0.8754267693 )
			( 0.9764636755 0.8754267693 )
			( 0.9764636755 0.1245732307 )
			( 0.0235362947 0.1245732307 )
			( 0.0235363245 0.8754267693 )
			( 0.9764636755 0.8754267693 )
			( 0.9764636755 0.1245731115 )
			( 0.0235363245 0.1245731115 )
		}
		numFaces 154
		faces {
			11 6 13 11 6 13 0 0 ( 0.0000000262 -1 0.0000000338 ) ( -0.0000000072 -1 0.0000000457 ) ( -0.0000000262 -1 0.0000000373 ) 
			6 11 5 6 11 5 0 0 ( -0.0000000072 -1 0.0000000457 ) ( 0.0000000262 -1 0.0000000338 ) ( 0.0000000071 -1 0.0000000448 ) 
			17 16 10 23 22 10 0 0 ( 0 1 0 ) ( 0 1 0 ) ( 0 1 0 ) 
			17 10 12 23 10 12 0 0 ( 0 1 0 ) ( 0 1 0 ) ( 0 1 0 ) 
			9 26 27 9 168 169 0 0 ( 1 -0 0 ) ( 1 -0.0000024307 -0.0000000258 ) ( 1 -0 0 ) 
			24 12 10 32 12 10 0 0 ( 0.0011849655 -0.0000000016 -0.9999992847 ) ( 0.0011849561 -0 -0.9999992847 ) ( 0.0011849561 -0 -0.9999992847 ) 
			12 24 25 12 32 35 0 0 ( 0.0011849561 -0 -0.9999992847 ) ( 0.0011849655 -0.0000000016 -0.9999992847 ) ( 0.0011849654 -0.0000000016 -0.9999992847 ) 
			10 8 23 10 8 171 1 0 ( -0.999999404 -0.0000004041 -0.0010977504 ) ( -0.999999404 -0.000000055 -0.0010977396 ) ( -0.999999404 -0.0000001532 -0.0010977465 ) 
			10 23 24 10 171 33 1 0 ( -0.999999404 -0.0000004041 -0.0010977504 ) ( -0.999999404 -0.0000001532 -0.0010977465 ) ( -0.999999404 0.0000000061 -0.0010977442 ) 
			18 14 20 24 20 27 0 0 ( -0.999999404 -0.0000001221 -0.0010977533 ) ( -0.999999404 -0.0000001565 -0.0010977493 ) ( -0.999999404 -0.0000001565 -0.0010977493 ) 
			14 18 11 20 24 11 0 0 ( -0.999999404 -0.0000001565 -0.0010977493 ) ( -0.999999404 -0.0000001221 -0.0010977533 ) ( -0.999999404 -0.0000001221 -0.0010977532 ) 
			11 15 14 11 18 19 0 0 ( 0.0011849665 -0 -0.9999992847 ) ( 0.0011849992 0.0000000005 -0.9999992847 ) ( 0.0011849992 0.0000000005 -0.9999992847 ) 
			15 11 13 18 11 13 0 0 ( 0.0011849992 0.0000000005 -0.9999992847 ) ( 0.0011849665 -0 -0.9999992847 ) ( 0.0011849665 -0 -0.9999992847 ) 
			2 1 16 2 3 22 0 1 ( 0 1 0 ) ( 0 1 0 ) ( 0 1 0 ) 
			16 17 2 22 23 2 0 1 ( 0 1 0 ) ( 0 1 0 ) ( 0 1 0 ) 
			3 12 9 1 12 9 0 0 ( 0 1 0 ) ( 0 1 0 ) ( 0 1 0 ) 
			12 3 17 12 1 23 0 0 ( 0 1 0 ) ( 0 1 0 ) ( 0 1 0 ) 
			4 11 18 4 11 24 0 0 ( 0.0000000134 -1 0.0000000015 ) ( 0.0000000262 -1 0.0000000338 ) ( 0.0000000301 -1 0.0000000034 ) 
			11 4 5 11 4 5 0 0 ( 0.0000000262 -1 0.0000000338 ) ( 0.0000000134 -1 0.0000000015 ) ( 0.0000000071 -1 0.0000000448 ) 
			8 10 0 8 10 0 0 0 ( 0 1 0 ) ( 0 1 0 ) ( 0 1 0 ) 
			16 0 10 22 0 10 0 0 ( 0 1 0 ) ( 0 1 0 ) ( 0 1 0 ) 
			13 7 19 13 7 25 1 0 ( -0.0000000262 -1 0.0000000373 ) ( -0.0000000134 -1 0.0000000033 ) ( -0.00000003 -1 0.0000000074 ) 
			6 7 13 6 7 13 1 0 ( -0.0000000072 -1 0.0000000457 ) ( -0.0000000134 -1 0.0000000033 ) ( -0.0000000262 -1 0.0000000373 ) 
			26 12 25 168 12 34 0 0 ( 1 -0.0000024307 -0.0000000258 ) ( 1 -0 0 ) ( 1 -0.0000039863 -0.0000000423 ) 
			9 12 26 9 12 168 0 0 ( 1 -0 0 ) ( 1 -0 0 ) ( 1 -0.0000024307 -0.0000000258 ) 
			22 23 8 30 171 8 0 0 ( -0.999999404 0 -0.0010977379 ) ( -0.999999404 -0.0000001532 -0.0010977465 ) ( -0.999999404 -0.000000055 -0.0010977396 ) 
			13 19 15 13 25 21 1 0 ( 1 -0 0 ) ( 1 -0 0 ) ( 1 0.000001252 0.0000000057 ) 
			15 19 21 21 25 29 1 0 ( 1 0.000001252 0.0000000057 ) ( 1 -0 0 ) ( 1 0.000001252 0.0000000057 ) 
			20 39 34 26 59 50 0 0 ( -0.999999404 -0.0000001565 -0.0010977493 ) ( -0.999999404 -0.000000003 -0.0010977404 ) ( -0.999999404 0.000000003 -0.0010977403 ) 
			39 20 14 59 26 17 0 0 ( -0.999999404 -0.000000003 -0.0010977404 ) ( -0.999999404 -0.0000001565 -0.0010977493 ) ( -0.999999404 -0.0000001565 -0.0010977493 ) 
			39 15 38 58 15 57 0 0 ( 0.0011850419 -0 -0.9999992847 ) ( 0.0011849992 0.0000000005 -0.9999992847 ) ( 0.0011850417 0 -0.9999992847 ) 
			15 39 14 15 58 14 0 0 ( 0.0011849992 0.0000000005 -0.9999992847 ) ( 0.0011850419 -0 -0.9999992847 ) ( 0.0011849992 0.0000000005 -0.9999992847 ) 
			15 21 38 16 28 56 0 0 ( 1 0.000001252 0.0000000057 ) ( 1 0.000001252 0.0000000057 ) ( 1 0.0000000474 -0.0000000153 ) 
			38 21 37 56 28 55 0 0 ( 1 0.0000000474 -0.0000000153 ) ( 1 0.000001252 0.0000000057 ) ( 1 -0.0000000478 -0.0000000162 ) 
			18 20 30 24 40 44 0 0 ( -0.0012595631 0.0000003063 0.9999992251 ) ( -0.001259621 0 0.9999992251 ) ( -0.0012595282 0.0000001371 0.9999992251 ) 
			34 30 20 51 45 38 0 0 ( -0.0012596472 -0.0000001864 0.9999992251 ) ( -0.0012595282 0.0000001371 0.9999992251 ) ( -0.001259621 0 0.9999992251 ) 
			30 34 35 45 51 52 0 0 ( -0.0012595282 0.0000001371 0.9999992251 ) ( -0.0012596472 -0.0000001864 0.9999992251 ) ( -0.0012594491 -0.0000003212 0.9999992251 ) 
			22 28 23 170 42 31 0 0 ( 0.0000000143 1 0 ) ( 0.0000000143 1 0 ) ( 0.0000000143 1 0 ) 
			23 28 29 31 42 43 0 0 ( 0.0000000143 1 0 ) ( 0.0000000143 1 0 ) ( 0.0000000143 1 0 ) 
			35 36 30 60 53 69 1 0 ( -0.0012594491 -0.0000003212 0.9999992251 ) ( -0.0012594734 -0.0000003218 0.9999992251 ) ( -0.0012595282 0.0000001371 0.9999992251 ) 
			30 36 33 69 53 49 1 0 ( -0.0012595282 0.0000001371 0.9999992251 ) ( -0.0012594734 -0.0000003218 0.9999992251 ) ( -0.001259521 0.0000001296 0.9999992251 ) 
			33 18 30 48 24 44 1 0 ( -0.001259521 0.0000001296 0.9999992251 ) ( -0.0012595631 0.0000003063 0.9999992251 ) ( -0.0012595282 0.0000001371 0.9999992251 ) 
			19 18 33 25 24 48 1 0 ( -0.0012594281 0.0000001667 0.9999992251 ) ( -0.0012595631 0.0000003063 0.9999992251 ) ( -0.001259521 0.0000001296 0.9999992251 ) 
			19 4 18 25 4 24 0 0 ( -0.00000003 -1 0.0000000074 ) ( 0.0000000134 -1 0.0000000015 ) ( 0.0000000301 -1 0.0000000034 ) 
			7 4 19 7 4 25 0 0 ( -0.0000000134 -1 0.0000000033 ) ( 0.0000000134 -1 0.0000000015 ) ( -0.00000003 -1 0.0000000074 ) 
			31 26 32 46 36 47 1 0 ( -0.0000000143 1 -0 ) ( -0.0000000143 1 -0 ) ( -0.0000000143 1 -0 ) 
			26 31 27 36 46 37 1 0 ( -0.0000000143 1 -0 ) ( -0.0000000143 1 -0 ) ( -0.0000000143 1 -0 ) 
			36 21 33 67 39 68 0 0 ( -0.0012594734 -0.0000003218 0.9999992251 ) ( -0.0012594863 -0.0000001396 0.9999992251 ) ( -0.001259521 0.0000001296 0.9999992251 ) 
			21 36 37 39 67 54 0 0 ( -0.0012594863 -0.0000001396 0.9999992251 ) ( -0.0012594734 -0.0000003218 0.9999992251 ) ( -0.0012596893 -0.0000001875 0.9999992251 ) 
			19 33 21 25 48 41 1 0 ( -0.0012594281 0.0000001667 0.9999992251 ) ( -0.001259521 0.0000001296 0.9999992251 ) ( -0.0012594863 -0.0000001396 0.9999992251 ) 
			34 29 35 51 43 52 0 0 ( -0.0012596472 -0.0000001864 0.9999992251 ) ( -0.0012595883 0 0.9999992251 ) ( -0.0012594491 -0.0000003212 0.9999992251 ) 
			29 34 23 43 51 31 0 0 ( -0.0012595883 0 0.9999992251 ) ( -0.0012596472 -0.0000001864 0.9999992251 ) ( -0.0012595881 0 0.9999992251 ) 
			36 26 37 67 36 54 0 0 ( -0.0012594734 -0.0000003218 0.9999992251 ) ( -0.0012597585 0.0000000054 0.9999992251 ) ( -0.0012596893 -0.0000001875 0.9999992251 ) 
			26 36 32 36 67 47 0 0 ( -0.0012597585 0.0000000054 0.9999992251 ) ( -0.0012594734 -0.0000003218 0.9999992251 ) ( -0.0012597585 0.0000000054 0.9999992251 ) 
			25 37 26 34 55 168 1 0 ( 1 -0.0000039863 -0.0000000423 ) ( 1 -0.0000000478 -0.0000000162 ) ( 1 -0.0000024307 -0.0000000258 ) 
			37 25 38 55 34 56 1 0 ( 1 -0.0000000478 -0.0000000162 ) ( 1 -0.0000039863 -0.0000000423 ) ( 1 0.0000000474 -0.0000000153 ) 
			39 25 24 58 35 32 1 0 ( 0.0011850419 -0 -0.9999992847 ) ( 0.0011849654 -0.0000000016 -0.9999992847 ) ( 0.0011849655 -0.0000000016 -0.9999992847 ) 
			25 39 38 35 58 57 1 0 ( 0.0011849654 -0.0000000016 -0.9999992847 ) ( 0.0011850419 -0 -0.9999992847 ) ( 0.0011850417 0 -0.9999992847 ) 
			34 24 23 50 33 171 1 0 ( -0.999999404 0.000000003 -0.0010977403 ) ( -0.999999404 0.0000000061 -0.0010977442 ) ( -0.999999404 -0.0000001532 -0.0010977465 ) 
			24 34 39 33 50 59 1 0 ( -0.999999404 0.0000000061 -0.0010977442 ) ( -0.999999404 0.000000003 -0.0010977403 ) ( -0.999999404 -0.000000003 -0.0010977404 ) 
			40 29 28 63 43 42 1 0 ( -0.9999997616 0 -0.0007323378 ) ( -0.9999997616 0 -0.0007323378 ) ( -0.9999997616 0 -0.0007323378 ) 
			29 40 35 43 63 64 1 0 ( -0.9999997616 0 -0.0007323378 ) ( -0.9999997616 0 -0.0007323378 ) ( -0.9999997616 0 -0.0007323378 ) 
			36 31 32 65 46 47 1 0 ( 0.9999999404 -0 0.0003665524 ) ( 0.9999999404 -0 0.0003665524 ) ( 0.9999999404 -0 0.0003665524 ) 
			31 36 41 46 65 66 1 0 ( 0.9999999404 -0 0.0003665524 ) ( 0.9999999404 -0 0.0003665524 ) ( 0.9999999404 -0 0.0003665524 ) 
			40 36 35 61 53 60 0 0 ( 0 1 0 ) ( 0 1 0 ) ( 0 1 0 ) 
			36 40 41 53 61 62 0 0 ( 0 1 0 ) ( 0 1 0 ) ( 0 1 0 ) 
			45 43 47 179 176 178 0 2 ( 0 1 0 ) ( 0 1 0 ) ( 0 1 0 ) 
			43 49 47 176 177 178 0 2 ( 0 1 0 ) ( 0 1 0 ) ( 0 1 0 ) 
			44 48 42 174 172 173 0 2 ( -0 -1 0 ) ( -0 -1 0 ) ( -0 -1 0 ) 
			48 44 46 172 174 175 0 2 ( -0 -1 0 ) ( -0 -1 0 ) ( -0 -1 0 ) 
			53 52 50 72 73 70 0 3 ( 1 -0 0 ) ( 1 -0 0 ) ( 1 -0 0 ) 
			53 50 51 72 70 71 0 3 ( 1 -0 0 ) ( 1 -0 0 ) ( 1 -0 0 ) 
			53 55 52 72 74 73 0 3 ( -0 0 1 ) ( -0 0 1 ) ( -0 0 1 ) 
			52 55 54 73 74 75 0 3 ( -0 0 1 ) ( -0 0 1 ) ( -0 0 1 ) 
			57 56 54 76 77 75 0 3 ( -1 0 -0 ) ( -1 0 -0 ) ( -1 0 -0 ) 
			57 54 55 76 75 74 0 3 ( -1 0 -0 ) ( -1 0 -0 ) ( -1 0 -0 ) 
			50 56 51 81 78 80 0 3 ( 0 -0 -1 ) ( 0 -0 -1 ) ( 0 -0 -1 ) 
			51 56 57 80 78 79 0 3 ( 0 -0 -1 ) ( 0 -0 -1 ) ( 0 -0 -1 ) 
			51 57 53 83 82 72 1 3 ( 0 1 0 ) ( 0 1 0 ) ( 0 1 0 ) 
			53 57 55 72 82 74 1 3 ( 0 1 0 ) ( 0 1 0 ) ( 0 1 0 ) 
			56 50 52 78 81 73 1 3 ( -0 -1 0 ) ( -0 -1 0 ) ( -0 -1 0 ) 
			52 54 56 73 75 78 1 3 ( -0 -1 0 ) ( -0 -1 0 ) ( -0 -1 0 ) 
			61 60 58 86 87 84 1 3 ( 1 -0 0 ) ( 1 -0 0 ) ( 1 -0 0 ) 
			61 58 59 86 84 85 1 3 ( 1 -0 0 ) ( 1 -0 0 ) ( 1 -0 0 ) 
			61 63 60 91 88 90 0 3 ( -0 0 1 ) ( -0 0 1 ) ( -0 0 1 ) 
			60 63 62 90 88 89 0 3 ( -0 0 1 ) ( -0 0 1 ) ( -0 0 1 ) 
			65 64 62 94 95 92 0 3 ( -1 0 -0 ) ( -1 0 -0 ) ( -1 0 -0 ) 
			65 62 63 94 92 93 0 3 ( -1 0 -0 ) ( -1 0 -0 ) ( -1 0 -0 ) 
			65 59 58 94 85 84 1 3 ( 0 -0 -1 ) ( 0 -0 -1 ) ( 0 -0 -1 ) 
			58 64 65 84 95 94 1 3 ( 0 -0 -1 ) ( 0 -0 -1 ) ( 0 -0 -1 ) 
			63 61 59 88 91 85 0 3 ( 0 1 0 ) ( 0 1 0 ) ( 0 1 0 ) 
			59 65 63 85 94 88 0 3 ( 0 1 0 ) ( 0 1 0 ) ( 0 1 0 ) 
			64 58 60 96 97 90 1 3 ( -0 -1 0 ) ( -0 -1 0 ) ( -0 -1 0 ) 
			60 62 64 90 89 96 1 3 ( -0 -1 0 ) ( -0 -1 0 ) ( -0 -1 0 ) 
			68 66 69 101 98 100 0 3 ( 1 -0 0 ) ( 1 -0 0 ) ( 1 -0 0 ) 
			69 66 67 100 98 99 0 3 ( 1 -0 0 ) ( 1 -0 0 ) ( 1 -0 0 ) 
			71 68 69 103 102 100 0 3 ( -0 0 1 ) ( -0 0 1 ) ( -0 0 1 ) 
			68 71 70 102 103 104 0 3 ( -0 0 1 ) ( -0 0 1 ) ( -0 0 1 ) 
			72 70 73 107 105 106 0 3 ( -1 0 -0 ) ( -1 0 -0 ) ( -1 0 -0 ) 
			73 70 71 106 105 103 0 3 ( -1 0 -0 ) ( -1 0 -0 ) ( -1 0 -0 ) 
			67 66 72 99 109 108 0 3 ( 0 -0 -1 ) ( 0 -0 -1 ) ( 0 -0 -1 ) 
			67 72 73 99 108 106 0 3 ( 0 -0 -1 ) ( 0 -0 -1 ) ( 0 -0 -1 ) 
			73 71 67 106 103 99 1 3 ( 0 1 0 ) ( 0 1 0 ) ( 0 1 0 ) 
			69 67 71 100 99 103 1 3 ( 0 1 0 ) ( 0 1 0 ) ( 0 1 0 ) 
			68 72 66 101 110 98 0 3 ( -0 -1 0 ) ( -0 -1 0 ) ( -0 -1 0 ) 
			72 68 70 110 101 111 0 3 ( -0 -1 0 ) ( -0 -1 0 ) ( -0 -1 0 ) 
			76 74 77 115 112 114 0 3 ( 1 -0 0 ) ( 1 -0 0 ) ( 1 -0 0 ) 
			77 74 75 114 112 113 0 3 ( 1 -0 0 ) ( 1 -0 0 ) ( 1 -0 0 ) 
			79 76 77 117 116 114 1 3 ( -0 0 1 ) ( -0 0 1 ) ( -0 0 1 ) 
			76 79 78 116 117 118 1 3 ( -0 0 1 ) ( -0 0 1 ) ( -0 0 1 ) 
			80 78 81 121 119 120 0 3 ( -1 0 -0 ) ( -1 0 -0 ) ( -1 0 -0 ) 
			81 78 79 120 119 117 0 3 ( -1 0 -0 ) ( -1 0 -0 ) ( -1 0 -0 ) 
			75 74 80 113 123 122 0 3 ( 0 -0 -1 ) ( 0 -0 -1 ) ( 0 -0 -1 ) 
			75 80 81 113 122 120 0 3 ( 0 -0 -1 ) ( 0 -0 -1 ) ( 0 -0 -1 ) 
			81 79 75 120 117 113 1 3 ( 0 1 0 ) ( 0 1 0 ) ( 0 1 0 ) 
			77 75 79 114 113 117 1 3 ( 0 1 0 ) ( 0 1 0 ) ( 0 1 0 ) 
			76 80 74 125 121 124 0 3 ( -0 -1 0 ) ( -0 -1 0 ) ( -0 -1 0 ) 
			80 76 78 121 125 119 0 3 ( -0 -1 0 ) ( -0 -1 0 ) ( -0 -1 0 ) 
			85 84 82 128 129 126 1 3 ( 0 -0 -1 ) ( 0 -0 -1 ) ( 0 -0 -1 ) 
			85 82 83 128 126 127 1 3 ( 0 -0 -1 ) ( 0 -0 -1 ) ( 0 -0 -1 ) 
			86 84 87 131 129 130 1 3 ( 1 -0 0.0000001016 ) ( 1 -0 0.0000001016 ) ( 1 -0 0.0000001016 ) 
			87 84 85 130 129 128 1 3 ( 1 -0 0.0000001016 ) ( 1 -0 0.0000001016 ) ( 1 -0 0.0000001016 ) 
			86 87 89 131 130 132 0 3 ( -0 0 1 ) ( -0 0 1 ) ( -0 0 1 ) 
			86 89 88 131 132 133 0 3 ( -0 0 1 ) ( -0 0 1 ) ( -0 0 1 ) 
			82 88 83 137 134 136 0 3 ( -1 0 -0.0000002032 ) ( -1 0 -0.0000002032 ) ( -1 0 -0.0000002032 ) 
			83 88 89 136 134 135 0 3 ( -1 0 -0.0000002032 ) ( -1 0 -0.0000002032 ) ( -1 0 -0.0000002032 ) 
			87 85 83 130 128 138 0 3 ( 0 1 0 ) ( 0 1 0 ) ( 0 1 0 ) 
			87 83 89 130 138 139 0 3 ( 0 1 0 ) ( 0 1 0 ) ( 0 1 0 ) 
			86 82 84 131 137 129 1 3 ( -0 -1 -0.0000000213 ) ( -0 -1 -0.0000000213 ) ( -0 -1 -0.0000000213 ) 
			82 86 88 137 131 134 1 3 ( -0 -1 -0.0000000213 ) ( -0 -1 -0.0000000213 ) ( -0 -1 -0.0000000213 ) 
			93 92 90 142 143 140 0 3 ( 1 -0 0 ) ( 1 -0 0 ) ( 1 -0 0 ) 
			93 90 91 142 140 141 0 3 ( 1 -0 0 ) ( 1 -0 0 ) ( 1 -0 0 ) 
			95 92 93 144 143 142 1 3 ( -0 0 1 ) ( -0 0 1 ) ( -0 0 1 ) 
			92 95 94 143 144 145 1 3 ( -0 0 1 ) ( -0 0 1 ) ( -0 0 1 ) 
			97 96 94 146 147 145 1 3 ( -1 0 -0 ) ( -1 0 -0 ) ( -1 0 -0 ) 
			97 94 95 146 145 144 1 3 ( -1 0 -0 ) ( -1 0 -0 ) ( -1 0 -0 ) 
			90 96 91 151 148 150 1 3 ( 0 -0 -1 ) ( 0 -0 -1 ) ( 0 -0 -1 ) 
			91 96 97 150 148 149 1 3 ( 0 -0 -1 ) ( 0 -0 -1 ) ( 0 -0 -1 ) 
			95 93 91 144 142 150 1 3 ( 0 1 0 ) ( 0 1 0 ) ( 0 1 0 ) 
			91 97 95 150 149 144 1 3 ( 0 1 0 ) ( 0 1 0 ) ( 0 1 0 ) 
			92 96 90 152 148 151 0 3 ( -0 -1 0 ) ( -0 -1 0 ) ( -0 -1 0 ) 
			96 92 94 148 152 153 0 3 ( -0 -1 0 ) ( -0 -1 0 ) ( -0 -1 0 ) 
			101 100 98 156 157 154 0 3 ( -0.0000020406 0 -1 ) ( -0.0000020406 0 -1 ) ( -0.0000020406 0 -1 ) 
			101 98 99 156 154 155 0 3 ( -0.0000020406 0 -1 ) ( -0.0000020406 0 -1 ) ( -0.0000020406 0 -1 ) 
			102 100 103 161 158 160 0 3 ( 1 -0 0.0000000508 ) ( 1 -0 0.0000000508 ) ( 1 -0 0.0000000508 ) 
			103 100 101 160 158 159 0 3 ( 1 -0 0.0000000508 ) ( 1 -0 0.0000000508 ) ( 1 -0 0.0000000508 ) 
			105 102 103 164 162 163 0 3 ( 0.0000040812 -0 1 ) ( 0.0000040812 -0 1 ) ( 0.0000040812 -0 1 ) 
			102 105 104 162 164 165 0 3 ( 0.0000040812 -0 1 ) ( 0.0000040812 -0 1 ) ( 0.0000040812 -0 1 ) 
			98 104 99 154 165 155 0 3 ( -1 0 -0.0000000508 ) ( -1 0 -0.0000000508 ) ( -1 0 -0.0000000508 ) 
			99 104 105 155 165 164 0 3 ( -1 0 -0.0000000508 ) ( -1 0 -0.0000000508 ) ( -1 0 -0.0000000508 ) 
			103 101 99 166 167 155 0 3 ( 0 1 0 ) ( 0 1 0 ) ( 0 1 0 ) 
			103 99 105 166 155 164 0 3 ( 0 1 0 ) ( 0 1 0 ) ( 0 1 0 ) 
			102 98 100 161 154 158 0 3 ( -0 -1 0 ) ( -0 -1 0 ) ( -0 -1 0 ) 
			98 102 104 154 161 165 0 3 ( -0 -1 0 ) ( -0 -1 0 ) ( -0 -1 0 ) 
		}
	}
}
