MESH 1
numJoints 0
numMaterials 1
materials {
	"CardboardBox_mat" "D:/PolyPixel/P4/Products/Industrial City/Working Files/Source//IndustrialCity/Textures/CardboardBox_A.tga" "" ""
}
numSubMeshes 1
subMeshes {
	subMesh "CardboardBox_VarD_LOD1" 0 {
		hasMaterial true
		hasNormals true
		hasTangents false
		hasVertexColors false
		numVerts 27
		verts {
			( -1.6186089516 32.2077026367 64.1397247314 ) 0 
			( -32.6589736938 7.2861456871 55.0547180176 ) 0 
			( -33.1882324219 33.4107818604 5.8965167999 ) 0 
			( -33.1874046326 33.2786636353 58.4662094116 ) 0 
			( -32.9476280212 -5.9710297585 56.3165893555 ) 0 
			( -1.1302523613 -33.1903152466 53.1759872437 ) 0 
			( -33.2219467163 -33.4766693115 51.765083313 ) 0 
			( 0.0053836848 -33.2872009277 57.2696113586 ) 0 
			( 32.6646728516 -6.3387117386 59.9808807373 ) 0 
			( 33.1687698364 -33.9515228271 57.4450302124 ) 0 
			( 32.642539978 6.4208250046 63.678440094 ) 0 
			( 0.3340140581 32.7196502686 60.0454711914 ) 0 
			( 33.0929718018 32.9052200317 64.1468734741 ) 0 
			( 33.4233818054 32.5723953247 64.1420822144 ) 0 
			( 33.3078842163 33.2602462769 37.5351295471 ) 0 
			( 33.7412109375 33.0807800293 37.5338859558 ) 0 
			( -33.124004364 -33.4608268738 -0.9374988675 ) 0 
			( 32.4391937256 -32.3627548218 -0.9786941409 ) 0 
			( -33.2499504089 27.8844146729 -0.937379837 ) 0 
			( -26.4170684814 33.4726829529 -0.9368226528 ) 0 
			( 33.3219070435 33.4109420776 -0.8855104446 ) 0 
			( 33.6894683838 33.2163619995 19.5258903503 ) 0 
			( -34.030960083 35.6703643799 38.7857818604 ) 0 
			( 33.4855155945 -29.4178085327 37.2203979492 ) 0 
			( 33.3670539856 33.4359474182 46.5895614624 ) 0 
			( 33.7644844055 33.2027282715 46.5945663452 ) 0 
			( -26.2395629883 -29.4969348907 29.3853092194 ) 0 
		}
		numTVerts 40
		tverts {
			( 0.3300170004 0.9462720156 )
			( 0.3336629868 0.5095139742 )
			( 0.6515700221 0.5096189976 )
			( 0.0120430002 0.0232899785 )
			( 0.3247050047 0.0218849778 )
			( 0.6486719847 0.3042299747 )
			( 0.010214 0.7945979834 )
			( 0.0116339996 0.5103180408 )
			( 0.3270519972 0.509739995 )
			( 0.3325020075 0.0217260122 )
			( 0.6475909948 0.0212360024 )
			( 0.0121439993 0.4881024957 )
			( 0.3307909966 0.4880985022 )
			( 0.3561809957 0.9785709977 )
			( 0.9564554691 0.6649160385 )
			( 0.2978869975 0.9785510302 )
			( 0.6528890133 0.4880639911 )
			( 0.6495440006 0.3904500008 )
			( 0.6703175306 0.6669874787 )
			( 0.6486999989 0.4880589843 )
			( 0.9895595312 0.6916779876 )
			( 0.67657727 0.9822827578 )
			( 0.990914464 0.985653758 )
			( 0.6490870118 0.175023973 )
			( 0.0106480001 0.6649019718 )
			( 0.329123497 0.1753280163 )
			( 0.0103424992 0.1762424707 )
			( 0.3304705024 0.6643384695 )
			( 0.6520439982 0.9785249829 )
			( 0.6528040171 0.664485991 )
			( 0.6509140134 0.3042200208 )
			( 0.0105940001 0.9784730077 )
			( 0.6512420177 0.1735240221 )
			( 0.330003351 0.7797611952 )
			( 0.3301839232 0.3035656214 )
			( 0.6513946056 0.2610059381 )
			( 0.0098624844 0.7511798739 )
			( 0.6491507292 0.2609751821 )
			( 0.0112826601 0.3338201046 )
			( 0.6524016857 0.8228485584 )
		}
		numFaces 39
		faces {
			26 3 22 39 27 33 0 -1 ( -0.9983621836 -0.0566581376 0.0079242103 ) ( -0.9878557324 -0.0397517532 -0.1502025872 ) ( -0.9984485507 -0.0548629984 -0.0095173195 ) 
			3 26 6 27 39 29 0 -1 ( -0.9878557324 -0.0397517532 -0.1502025872 ) ( -0.9983621836 -0.0566581376 0.0079242103 ) ( -0.9878557324 -0.0397517569 -0.1502026021 ) 
			0 6 5 1 29 2 0 -1 ( -0.1112404764 -0.1320440322 0.9849821925 ) ( -0.1112404764 -0.1320440173 0.9849821925 ) ( -0.1112404838 -0.1320440173 0.9849821925 ) 
			6 0 3 29 1 27 0 -1 ( -0.1112404764 -0.1320440173 0.9849821925 ) ( -0.1112404764 -0.1320440322 0.9849821925 ) ( -0.1112404689 -0.1320440173 0.9849821925 ) 
			26 23 9 38 34 25 0 -1 ( 0.017606426 -0.9810368419 -0.1930199116 ) ( 0.0176064242 -0.9810368419 -0.1930199116 ) ( 0.0176064242 -0.9810368419 -0.1930198967 ) 
			9 6 26 25 26 38 0 -1 ( 0.0176064242 -0.9810368419 -0.1930198967 ) ( 0.017606426 -0.9810368419 -0.1930199265 ) ( 0.017606426 -0.9810368419 -0.1930199116 ) 
			8 6 9 4 26 25 0 -1 ( -0.070844844 -0.1275041848 0.9893046618 ) ( -0.070844844 -0.1275041699 0.9893046618 ) ( -0.070844844 -0.1275041848 0.9893046618 ) 
			6 8 4 26 4 3 0 -1 ( -0.070844844 -0.1275041699 0.9893046618 ) ( -0.070844844 -0.1275041848 0.9893046618 ) ( -0.070844844 -0.1275041699 0.9893046618 ) 
			14 24 15 30 35 5 0 -1 ( 0.017495526 0.999520421 -0.0255498327 ) ( 0.015794266 0.9998365641 0.0087999366 ) ( 0.9998154044 -0.0086487485 -0.0171556138 ) 
			25 15 24 37 5 35 0 -1 ( 0.9999595881 -0.0072432319 -0.0053289244 ) ( 0.9998154044 -0.0086487485 -0.0171556138 ) ( 0.015794266 0.9998365641 0.0087999366 ) 
			24 3 12 36 27 24 0 -1 ( 0.015794266 0.9998365641 0.0087999366 ) ( 0.0115736835 0.9968816042 0.078058213 ) ( 0.0115736835 0.9968816042 0.078058213 ) 
			3 24 22 27 36 33 0 -1 ( 0.0115736835 0.9968816042 0.078058213 ) ( 0.015794266 0.9998365641 0.0087999366 ) ( 0.0156947151 0.9998743534 0.002217147 ) 
			12 1 10 24 8 7 0 -1 ( -0.1084656641 -0.0734598935 0.9913823009 ) ( -0.108465679 -0.0734599009 0.9913823009 ) ( -0.108465679 -0.0734599009 0.9913823009 ) 
			1 12 3 8 24 27 0 -1 ( -0.108465679 -0.0734599009 0.9913823009 ) ( -0.1084656641 -0.0734598935 0.9913823009 ) ( -0.108465679 -0.0734599009 0.9913823009 ) 
			13 7 9 23 9 25 0 -1 ( -0.0650498122 -0.0708593652 0.9953629971 ) ( -0.0650498196 -0.0708593577 0.9953629971 ) ( -0.0650498122 -0.0708593577 0.9953629971 ) 
			7 13 11 9 23 10 0 -1 ( -0.0650498196 -0.0708593577 0.9953629971 ) ( -0.0650498122 -0.0708593652 0.9953629971 ) ( -0.0650498122 -0.0708593577 0.9953629971 ) 
			23 13 9 34 23 25 0 -1 ( 0.9999380708 -0.0084197838 -0.0072777569 ) ( 0.9998435974 -0.0061926828 0.0165668707 ) ( 0.9998435974 -0.0061926837 0.0165668707 ) 
			13 23 25 23 34 37 0 -1 ( 0.9998435974 -0.0061926828 0.0165668707 ) ( 0.9999380708 -0.0084197838 -0.0072777569 ) ( 0.9999595881 -0.0072432319 -0.0053289244 ) 
			20 14 21 16 30 17 0 -1 ( 0.324952811 0.9457191229 0.0045807627 ) ( 0.324952811 0.9457191229 0.0045807622 ) ( 0.3249527812 0.9457191229 0.0045807627 ) 
			15 21 14 5 17 30 0 -1 ( 0.324952811 0.9457191229 0.0045807627 ) ( 0.3249527812 0.9457191229 0.0045807627 ) ( 0.324952811 0.9457191229 0.0045807622 ) 
			17 19 20 21 14 18 0 -1 ( 0.0000751606 0.0006692773 -0.9999997616 ) ( 0.0000751606 0.0006692773 -0.9999997616 ) ( 0.0000751606 0.0006692773 -0.9999997616 ) 
			16 19 17 22 14 21 0 -1 ( 0.0000751606 0.0006692773 -0.9999997616 ) ( 0.0000751606 0.0006692773 -0.9999997616 ) ( 0.0000751606 0.0006692773 -0.9999997616 ) 
			19 16 18 14 22 20 0 -1 ( 0.0000751606 0.0006692773 -0.9999997616 ) ( 0.0000751606 0.0006692773 -0.9999997616 ) ( 0.0000751606 0.0006692773 -0.9999997616 ) 
			19 18 2 15 13 0 0 -1 ( -0.5379657745 0.657833755 -0.5271124244 ) ( -0.5379658341 0.657833755 -0.527112484 ) ( -0.5379657745 0.6578338146 -0.527112484 ) 
			18 16 26 13 28 39 0 -1 ( -0.9934735894 -0.0652237684 0.0935736522 ) ( -0.9934735894 -0.0652237684 0.0935736522 ) ( -0.9983621836 -0.0566581376 0.0079242103 ) 
			26 2 18 39 0 13 0 -1 ( -0.9983621836 -0.0566581376 0.0079242103 ) ( -0.9934735894 -0.0652237684 0.0935736597 ) ( -0.9934735894 -0.0652237684 0.0935736522 ) 
			2 26 22 0 39 33 0 -1 ( -0.9934735894 -0.0652237684 0.0935736597 ) ( -0.9983621836 -0.0566581376 0.0079242103 ) ( -0.9984485507 -0.0548629984 -0.0095173195 ) 
			23 15 25 34 5 37 1 -1 ( 0.9999380708 -0.0084197838 -0.0072777569 ) ( 0.9998154044 -0.0086487485 -0.0171556138 ) ( 0.9999595881 -0.0072432319 -0.0053289244 ) 
			21 23 17 17 34 12 1 -1 ( 0.9998093247 -0.0093404185 -0.0171485096 ) ( 0.9999380708 -0.0084197838 -0.0072777569 ) ( 0.9998093247 -0.0093404185 -0.0171485096 ) 
			23 21 15 34 17 5 1 -1 ( 0.9999380708 -0.0084197838 -0.0072777569 ) ( 0.9998093247 -0.0093404185 -0.0171485096 ) ( 0.9998154044 -0.0086487485 -0.0171556138 ) 
			21 17 20 17 12 19 1 -1 ( 0.9998093247 -0.0093404185 -0.0171485096 ) ( 0.9998093247 -0.0093404185 -0.0171485096 ) ( 0.9998093247 -0.0093404176 -0.0171485078 ) 
			14 22 24 6 33 36 0 -1 ( 0.017495526 0.999520421 -0.0255498327 ) ( 0.0156947151 0.9998743534 0.002217147 ) ( 0.015794266 0.9998365641 0.0087999366 ) 
			22 19 2 33 15 0 0 -1 ( 0.0156947151 0.9998743534 0.002217147 ) ( 0.0171809178 0.9995257854 -0.02555448 ) ( 0.0171809196 0.9995257854 -0.02555448 ) 
			22 14 19 33 6 15 0 -1 ( 0.0156947151 0.9998743534 0.002217147 ) ( 0.017495526 0.999520421 -0.0255498327 ) ( 0.0171809178 0.9995257854 -0.02555448 ) 
			14 20 19 6 31 15 0 -1 ( 0.017495526 0.999520421 -0.0255498327 ) ( 0.0171809178 0.9995257854 -0.02555448 ) ( 0.0171809178 0.9995257854 -0.02555448 ) 
			24 13 25 35 23 37 0 -1 ( 0.6134813428 0.7888494134 0.0368412882 ) ( 0.6134812832 0.7888494134 0.0368412845 ) ( 0.6134813428 0.7888494134 0.0368412845 ) 
			13 24 12 23 35 32 0 -1 ( 0.6134812832 0.7888494134 0.0368412845 ) ( 0.6134813428 0.7888494134 0.0368412882 ) ( 0.6134813428 0.7888494134 0.0368412882 ) 
			23 26 17 34 38 12 0 -1 ( 0.0031306045 -0.9949866533 0.0999589488 ) ( 0.0031306043 -0.9949866533 0.0999589413 ) ( 0.0031306045 -0.9949866533 0.0999589488 ) 
			17 26 16 12 38 11 0 -1 ( 0.0031306045 -0.9949866533 0.0999589488 ) ( 0.0031306043 -0.9949866533 0.0999589413 ) ( 0.0031306043 -0.9949866533 0.0999589413 ) 
		}
	}
}
