MESH 1
numJoints 0
numMaterials 1
materials {
	"CardboardBox_mat" "D:/PolyPixel/P4/Products/Industrial City/Working Files/Source//IndustrialCity/Textures/CardboardBox_A.tga" "" ""
}
numSubMeshes 1
subMeshes {
	subMesh "CardboardBox_VarA_LOD1" 0 {
		hasMaterial true
		hasNormals true
		hasTangents false
		hasVertexColors false
		numVerts 40
		verts {
			( -32.7449645996 51.2748794556 39.3660736084 ) 0 
			( -57.9711990356 32.5260162354 41.073387146 ) 0 
			( -57.6699371338 32.9113006592 40.7407150269 ) 0 
			( -32.8915481567 50.8371734619 39.0481185913 ) 0 
			( -32.2512817383 32.3407287598 63.8941307068 ) 0 
			( -34.2365341187 34.0837554932 64.8533477783 ) 0 
			( -33.3496780396 33.3694229126 64.1046981812 ) 0 
			( -33.743598938 33.7723083496 63.938911438 ) 0 
			( -32.8134002686 -54.0813140869 41.6973266602 ) 0 
			( -57.9711990356 -32.4866485596 41.073387146 ) 0 
			( -32.9585456848 -53.4225921631 41.0897827148 ) 0 
			( -57.6699371338 -33.2956237793 40.7407150269 ) 0 
			( -32.2859039307 -32.2683258057 63.8878898621 ) 0 
			( -34.2734680176 -34.0463409424 64.8533477783 ) 0 
			( -33.3843231201 -33.7214050293 64.1049041748 ) 0 
			( -33.7755889893 -34.1126403809 63.8578720093 ) 0 
			( 58.3735084534 -32.2933197021 46.4233169556 ) 0 
			( 32.5974349976 -54.0813140869 41.6973266602 ) 0 
			( 58.129119873 -33.1045684814 46.0845565796 ) 0 
			( 32.7282981873 -53.4225921631 41.0897827148 ) 0 
			( 32.1703300476 -32.1737518311 63.8878898621 ) 0 
			( 34.1578674316 -33.9464263916 64.8533477783 ) 0 
			( 33.250541687 -33.6268005371 64.1045532227 ) 0 
			( 33.642868042 -34.0250549316 63.9790496826 ) 0 
			( 32.7850532532 51.2748794556 39.3660697937 ) 0 
			( 58.3735084534 32.5863342285 46.4233169556 ) 0 
			( 32.9119644165 50.8371734619 39.0481185913 ) 0 
			( 58.129119873 32.9709014893 46.0845565796 ) 0 
			( 32.2600250244 32.3704833984 63.8878898621 ) 0 
			( 34.2535400391 34.1151885986 64.8533477783 ) 0 
			( 33.3402709961 33.3992004395 64.1044616699 ) 0 
			( 33.7259712219 33.7913208008 64.0491638184 ) 0 
			( -33.124004364 -33.4608001709 -0.9374988675 ) 0 
			( 32.4391937256 -32.3627624512 -0.9786941409 ) 0 
			( -32.2727737427 31.280632019 -1.8018019199 ) 0 
			( 33.3219070435 33.4109344482 -0.8855104446 ) 0 
			( -29.5524215698 30.7749176025 -0.6202980876 ) 0 
			( -32.1913528442 -32.1817016602 0.1156321615 ) 0 
			( 32.0859909058 -32.0894012451 0.1192697436 ) 0 
			( 32.1744613647 32.2802124023 0.1156596765 ) 0 
		}
		numTVerts 60
		tverts {
			( 0.8341485262 0.0888924599 )
			( 0.3304685056 0.6664165258 )
			( 0.9898809791 0.3293700218 )
			( 0.6546819806 0.6667090058 )
			( 0.6794610023 0.0119749904 )
			( 0.3336629868 0.5095139742 )
			( 0.6515700221 0.5096189976 )
			( 0.8332500458 0.3295190334 )
			( 0.3290629983 0.1773344874 )
			( 0.8326060176 0.2501040101 )
			( 0.0120430002 0.0232899785 )
			( 0.3247050047 0.0218849778 )
			( 0.9894549847 0.0902955532 )
			( 0.6519910097 0.176469028 )
			( 0.0088269999 0.6667839885 )
			( 0.8332110047 0.0114420056 )
			( 0.0116339996 0.5103180408 )
			( 0.3270519972 0.509739995 )
			( 0.6771240234 0.251026988 )
			( 0.3325020075 0.0217260122 )
			( 0.6475909948 0.0212360024 )
			( 0.0121439993 0.4881024957 )
			( 0.3307909966 0.4880985022 )
			( 0.3350294828 0.9784709811 )
			( 0.8235712647 0.650252521 )
			( 0.679172039 0.2450754642 )
			( 0.8350640535 0.2450779676 )
			( 0.8332054615 0.4846235514 )
			( 0.6764190197 0.4846199751 )
			( 0.6703175306 0.6669874787 )
			( 0.6486999989 0.4880589843 )
			( 0.9858034849 0.673986733 )
			( 0.67657727 0.9822827578 )
			( 0.990914464 0.985653758 )
			( 0.6742662191 0.6540794969 )
			( 0.672750771 0.5009702444 )
			( 0.6777920127 0.327113986 )
			( 0.0106480001 0.6649019718 )
			( 0.8332265019 0.086392045 )
			( 0.329123497 0.1753280163 )
			( 0.8323795199 0.3269724846 )
			( 0.0103424992 0.1762424707 )
			( 0.678204 0.0875054598 )
			( 0.3304705024 0.6643384695 )
			( 0.8327040076 0.2510280013 )
			( 0.9909200072 0.0119609833 )
			( 0.9913820028 0.2501040101 )
			( 0.8343369961 0.0119709969 )
			( 0.6520439982 0.9785249829 )
			( 0.0086794998 0.1788395047 )
			( 0.6528040171 0.664485991 )
			( 0.6788625121 0.0901769996 )
			( 0.8251692653 0.4992692471 )
			( 0.9897509813 0.4846230149 )
			( 0.9915580153 0.3269060254 )
			( 0.0105940001 0.9784730077 )
			( 0.650164485 0.1742739677 )
			( 0.6773790121 0.3296470046 )
			( 0.9885900021 0.2443119884 )
			( 0.9908030033 0.0878975391 )
		}
		numFaces 52
		faces {
			5 12 4 38 51 0 0 -1 ( 0.4359911978 -0.0002773276 0.8999508619 ) ( 0.4359912276 -0.0002773275 0.8999508619 ) ( 0.4359911978 -0.0002773276 0.8999508619 ) 
			12 5 13 51 38 42 0 -1 ( 0.4359912276 -0.0002773275 0.8999508619 ) ( 0.4359911978 -0.0002773276 0.8999508619 ) ( 0.4359911978 -0.0002773275 0.8999508619 ) 
			34 32 15 23 48 3 1 -1 ( -0.9998447895 0.0065618819 -0.0163491406 ) ( -0.9998447895 0.0065618823 -0.0163491387 ) ( -0.9998447895 0.0065618823 -0.0163491424 ) 
			34 15 7 23 3 1 1 -1 ( -0.9998447895 0.0065618819 -0.0163491406 ) ( -0.9998447895 0.0065618823 -0.0163491424 ) ( -0.9998447895 0.0065618819 -0.0163491406 ) 
			14 2 6 50 5 43 0 -1 ( 0.6930451393 -0.0001812408 -0.7208942175 ) ( 0.6930450797 -0.0001812409 -0.7208942771 ) ( 0.6930451393 -0.0001812409 -0.7208942175 ) 
			2 14 11 5 50 6 0 -1 ( 0.6930450797 -0.0001812409 -0.7208942771 ) ( 0.6930451393 -0.0001812408 -0.7208942175 ) ( 0.6930450797 -0.0001812409 -0.7208942175 ) 
			9 5 1 4 38 47 0 -1 ( -0.7080554366 0.0001963899 0.7061568499 ) ( -0.708055377 0.0001963898 0.7061568499 ) ( -0.7080554366 0.0001963899 0.7061568499 ) 
			5 9 13 38 4 42 0 -1 ( -0.708055377 0.0001963898 0.7061568499 ) ( -0.7080554366 0.0001963899 0.7061568499 ) ( -0.7080554366 0.0001963899 0.7061568499 ) 
			6 15 14 43 3 50 1 -1 ( -0.2526934445 0.1329176575 0.9583730698 ) ( -0.2482925504 -0.2223117799 0.9428299069 ) ( -0.2480944246 -0.2224938571 0.9428391457 ) 
			15 6 7 3 43 1 1 -1 ( -0.2482925504 -0.2223117799 0.9428299069 ) ( -0.2526934445 0.1329176575 0.9583730698 ) ( -0.2487795502 0.1351906061 0.9590788484 ) 
			12 21 20 2 40 7 0 -1 ( -0.0006992425 0.4777416587 0.878500104 ) ( -0.0006992426 0.4777416885 0.8785000443 ) ( -0.0006992426 0.4777416885 0.8785000443 ) 
			13 21 12 54 40 2 0 -1 ( -0.0006992426 0.4777416885 0.878500104 ) ( -0.0006992426 0.4777416885 0.8785000443 ) ( -0.0006992425 0.4777416587 0.878500104 ) 
			33 15 32 22 49 21 0 -1 ( 0.0089246584 -0.9998005033 -0.0178692825 ) ( 0.0089246584 -0.9998005033 -0.0178692825 ) ( 0.0089246575 -0.9998005033 -0.0178692807 ) 
			15 33 23 49 22 8 0 -1 ( 0.0089246584 -0.9998005033 -0.0178692825 ) ( 0.0089246584 -0.9998005033 -0.0178692825 ) ( 0.0089246575 -0.9998005033 -0.0178692807 ) 
			19 14 22 11 41 39 0 -1 ( -0.0005442736 0.7589083314 -0.6511971951 ) ( -0.0005442736 0.758908391 -0.6511971951 ) ( -0.0005442736 0.758908391 -0.6511971354 ) 
			14 19 10 41 11 10 0 -1 ( -0.0005442736 0.758908391 -0.6511971951 ) ( -0.0005442736 0.7589083314 -0.6511971951 ) ( -0.0005442736 0.758908391 -0.6511971354 ) 
			21 13 17 40 54 9 0 -1 ( 0.0005639839 -0.7554250956 0.6552347541 ) ( 0.0005639839 -0.755425036 0.6552348733 ) ( 0.0005639839 -0.7554250956 0.6552348137 ) 
			17 13 8 9 54 46 0 -1 ( 0.0005639839 -0.7554250956 0.6552348137 ) ( 0.0005639839 -0.755425036 0.6552348733 ) ( 0.0005639839 -0.755425036 0.6552348137 ) 
			23 14 15 8 41 49 0 -1 ( 0.1106296182 -0.2315606326 0.9665095806 ) ( -0.2480944246 -0.2224938571 0.9428391457 ) ( -0.2482925504 -0.2223117799 0.9428299069 ) 
			14 23 22 41 8 39 0 -1 ( -0.2480944246 -0.2224938571 0.9428391457 ) ( 0.1106296182 -0.2315606326 0.9665095806 ) ( 0.11208722 -0.2288360149 0.9669904709 ) 
			29 5 28 59 38 12 0 -1 ( 0.0002634093 -0.4831561744 0.8755341172 ) ( 0.0002634093 -0.4831561744 0.8755341172 ) ( 0.0002634093 -0.4831562042 0.8755341172 ) 
			28 5 4 12 38 0 0 -1 ( 0.0002634093 -0.4831562042 0.8755341172 ) ( 0.0002634093 -0.4831561744 0.8755341172 ) ( 0.0002634093 -0.4831561744 0.8755341172 ) 
			31 35 34 14 55 23 0 -1 ( -0.0159759503 0.999628067 -0.0221008621 ) ( -0.0159759521 0.999628067 -0.022100864 ) ( -0.0159759521 0.999628067 -0.022100864 ) 
			31 34 7 14 23 1 0 -1 ( -0.0159759503 0.999628067 -0.0221008621 ) ( -0.0159759521 0.999628067 -0.022100864 ) ( -0.0159759521 0.999628067 -0.0221008658 ) 
			30 3 26 37 17 16 0 -1 ( 0.0001834172 -0.8205630183 -0.5715560317 ) ( 0.0001834172 -0.8205630183 -0.5715560913 ) ( 0.0001834172 -0.8205629587 -0.5715560913 ) 
			3 30 6 17 37 43 0 -1 ( 0.0001834172 -0.8205630183 -0.5715560913 ) ( 0.0001834172 -0.8205630183 -0.5715560317 ) ( 0.0001834172 -0.8205630183 -0.5715560317 ) 
			24 0 29 45 15 59 0 -1 ( -0.0001944703 0.8292786479 0.5588353276 ) ( -0.0001944703 0.8292785883 0.5588353276 ) ( -0.0001944704 0.8292785883 0.5588353276 ) 
			29 0 5 59 15 38 0 -1 ( -0.0001944704 0.8292785883 0.5588353276 ) ( -0.0001944703 0.8292785883 0.5588353276 ) ( -0.0001944703 0.8292785883 0.5588353276 ) 
			30 7 6 37 1 43 0 -1 ( 0.1133608893 0.1370514929 0.9840559959 ) ( -0.2487795502 0.1351906061 0.9590788484 ) ( -0.2526934445 0.1329176575 0.9583730698 ) 
			7 30 31 1 37 14 0 -1 ( -0.2487795502 0.1351906061 0.9590788484 ) ( 0.1133608893 0.1370514929 0.9840559959 ) ( 0.1116694063 0.1390494257 0.9839690924 ) 
			21 29 20 40 36 7 0 -1 ( -0.4363969564 0.0006100304 0.8997540474 ) ( -0.4363969862 0.0006100304 0.8997540474 ) ( -0.4363969564 0.0006100304 0.8997540474 ) 
			20 29 28 7 36 57 0 -1 ( -0.4363969564 0.0006100304 0.8997540474 ) ( -0.4363969862 0.0006100304 0.8997540474 ) ( -0.4363969862 0.0006100304 0.8997540474 ) 
			18 30 27 19 56 20 0 -1 ( -0.5872992277 0.0003953616 -0.8093698025 ) ( -0.5872992873 0.0003953615 -0.8093697429 ) ( -0.5872992873 0.0003953615 -0.8093697429 ) 
			30 18 22 56 19 39 0 -1 ( -0.5872992873 0.0003953615 -0.8093697429 ) ( -0.5872992277 0.0003953616 -0.8093698025 ) ( -0.5872992873 0.0003953615 -0.8093697429 ) 
			29 16 25 36 44 18 1 -1 ( 0.6063864827 -0.0004363764 0.7951699495 ) ( 0.6063865423 -0.0004363765 0.7951698899 ) ( 0.6063864827 -0.0004363764 0.7951699495 ) 
			16 29 21 44 36 40 1 -1 ( 0.6063865423 -0.0004363765 0.7951698899 ) ( 0.6063864827 -0.0004363764 0.7951699495 ) ( 0.6063864827 -0.0004363764 0.7951699495 ) 
			23 31 30 8 13 56 0 -1 ( 0.1106296182 -0.2315606326 0.9665095806 ) ( 0.1116694063 0.1390494257 0.9839690924 ) ( 0.1133608893 0.1370514929 0.9840559959 ) 
			23 30 22 8 56 39 0 -1 ( 0.1106296182 -0.2315606326 0.9665095806 ) ( 0.1133608893 0.1370514929 0.9840559959 ) ( 0.11208722 -0.2288360149 0.9669904709 ) 
			35 33 34 29 32 31 0 -1 ( 0.0068194582 -0.005998631 -0.9999587536 ) ( 0.0068194577 -0.0059986305 -0.9999587536 ) ( 0.0068194577 -0.0059986305 -0.9999587536 ) 
			33 32 34 32 33 31 0 -1 ( 0.0068194577 -0.0059986305 -0.9999587536 ) ( 0.0068194582 -0.0059986305 -0.9999587536 ) ( 0.0068194577 -0.0059986305 -0.9999587536 ) 
			31 33 35 13 22 30 0 -1 ( 0.9998965263 -0.0072137965 -0.012447373 ) ( 0.9998965263 -0.0072137965 -0.012447373 ) ( 0.9998965263 -0.0072137965 -0.0124473739 ) 
			33 31 23 22 13 8 0 -1 ( 0.9998965263 -0.0072137965 -0.012447373 ) ( 0.9998965263 -0.0072137965 -0.012447373 ) ( 0.9998965263 -0.007213797 -0.0124473749 ) 
			28 36 39 12 26 58 0 -1 ( 0.0120819751 -0.999840498 0.0131533211 ) ( 0.0120819751 -0.999840498 0.0131533211 ) ( 0.012081976 -0.999840498 0.0131533211 ) 
			36 28 4 26 12 0 0 -1 ( 0.0120819751 -0.999840498 0.0131533211 ) ( 0.0120819751 -0.999840498 0.0131533211 ) ( 0.0120819733 -0.999840498 0.0131533202 ) 
			20 39 38 7 28 27 0 -1 ( -0.9999981523 0.001382123 0.0013320773 ) ( -0.9999981523 0.001382123 0.0013320774 ) ( -0.9999981523 0.0013821231 0.0013320774 ) 
			39 20 28 28 7 57 0 -1 ( -0.9999981523 0.001382123 0.0013320774 ) ( -0.9999981523 0.001382123 0.0013320773 ) ( -0.9999981523 0.001382123 0.0013320772 ) 
			20 37 12 7 53 2 0 -1 ( -0.0014516719 0.999998033 0.0013404635 ) ( -0.0014516719 0.999998033 0.0013404634 ) ( -0.0014516719 0.999998033 0.0013404636 ) 
			37 20 38 53 7 27 0 -1 ( -0.0014516719 0.999998033 0.0013404634 ) ( -0.0014516719 0.999998033 0.0013404635 ) ( -0.0014516719 0.999998033 0.0013404636 ) 
			12 36 4 51 26 0 0 -1 ( 0.9995409846 -0.0208228119 0.0220048521 ) ( 0.9995409846 -0.0208228156 0.0220048558 ) ( 0.9995409846 -0.0208228156 0.0220048539 ) 
			36 12 37 26 51 25 0 -1 ( 0.9995409846 -0.0208228156 0.0220048558 ) ( 0.9995409846 -0.0208228119 0.0220048521 ) ( 0.9995409846 -0.0208228156 0.0220048539 ) 
			38 39 36 35 34 24 0 -1 ( -0.0059446548 0.0059353653 0.9999647141 ) ( -0.0059446543 0.0059353649 0.9999647141 ) ( -0.0059446543 0.0059353653 0.9999647141 ) 
			38 36 37 35 24 52 0 -1 ( -0.0059446548 0.0059353653 0.9999647141 ) ( -0.0059446543 0.0059353653 0.9999647141 ) ( -0.0059446539 0.0059353649 0.9999647141 ) 
		}
	}
}
