MESH 1
numJoints 0
numMaterials 1
materials {
	"CardboardBox_mat" "D:/PolyPixel/P4/Products/Industrial City/Working Files/Source//IndustrialCity/Textures/CardboardBox_A.tga" "" ""
}
numSubMeshes 1
subMeshes {
	subMesh "CardboardBox_VarB_LOD1" 0 {
		hasMaterial true
		hasNormals true
		hasTangents false
		hasVertexColors false
		numVerts 32
		verts {
			( -58.8201217651 32.5260238647 39.352306366 ) 0 
			( -58.6242523193 32.9112968445 38.9485168457 ) 0 
			( -32.8915481567 -1.0576715469 64.721282959 ) 0 
			( -32.2512817383 32.3407325745 63.3583831787 ) 0 
			( -33.0116653442 32.6439208984 64.1467819214 ) 0 
			( -33.3496780396 33.3694267273 63.531375885 ) 0 
			( -58.8201217651 -32.486656189 39.352306366 ) 0 
			( -32.9585456848 -1.8681976795 64.3777160645 ) 0 
			( -58.6242523193 -33.2956314087 38.9485168457 ) 0 
			( -32.2859039307 -32.2683181763 62.725528717 ) 0 
			( -33.0470352173 -34.1992950439 64.6370544434 ) 0 
			( -33.3843231201 -33.7213973999 63.5315895081 ) 0 
			( 50.3712463379 -32.2933120728 31.0638027191 ) 0 
			( 50.1829223633 -33.1045646667 30.6909542084 ) 0 
			( 32.7282981873 -1.8681976795 64.3777160645 ) 0 
			( 32.1703300476 -32.1737365723 63.346622467 ) 0 
			( 33.1750717163 -32.5107955933 63.8966217041 ) 0 
			( 33.250541687 -33.6268157959 63.4477310181 ) 0 
			( 53.8514862061 32.5863342285 35.8779067993 ) 0 
			( 32.9119644165 -1.0576715469 64.721282959 ) 0 
			( 53.6631622314 32.9709091187 35.5050582886 ) 0 
			( 32.2600250244 32.3704910278 63.4937210083 ) 0 
			( 33.6460494995 32.6740264893 64.1467819214 ) 0 
			( 33.3402709961 33.3992080688 63.5579528809 ) 0 
			( -33.124004364 -33.4608230591 -0.9374988675 ) 0 
			( 32.4391937256 -32.3627471924 -0.9786941409 ) 0 
			( -32.2727737427 31.2806301117 -1.2544562817 ) 0 
			( 33.3219070435 33.4109458923 -0.8855104446 ) 0 
			( -29.5524215698 30.7749214172 -0.6202980876 ) 0 
			( -32.1913528442 -32.1816902161 0.1156321615 ) 0 
			( 32.0859909058 -32.0894088745 0.1192697436 ) 0 
			( 32.1744613647 32.2802124023 0.1156596765 ) 0 
		}
		numTVerts 48
		tverts {
			( 0.8341485262 0.0888924599 )
			( 0.9898809791 0.3293700218 )
			( 0.6794610023 0.0119749904 )
			( 0.3336629868 0.5095139742 )
			( 0.6515700221 0.5096189976 )
			( 0.8332500458 0.3295190334 )
			( 0.0120430002 0.0232899785 )
			( 0.3247050047 0.0218849778 )
			( 0.9894549847 0.0902955532 )
			( 0.0116339996 0.5103180408 )
			( 0.3270519972 0.509739995 )
			( 0.6771240234 0.251026988 )
			( 0.3325020075 0.0217260122 )
			( 0.6475909948 0.0212360024 )
			( 0.0121439993 0.4881024957 )
			( 0.3307909966 0.4880985022 )
			( 0.3350294828 0.9784709811 )
			( 0.8235712647 0.650252521 )
			( 0.679172039 0.2450754642 )
			( 0.8350640535 0.2450779676 )
			( 0.8332054615 0.4846235514 )
			( 0.6764190197 0.4846199751 )
			( 0.6703175306 0.6669874787 )
			( 0.6486999989 0.4880589843 )
			( 0.9858034849 0.673986733 )
			( 0.67657727 0.9822827578 )
			( 0.6742662191 0.6540794969 )
			( 0.672750771 0.5009702444 )
			( 0.6777920127 0.327113986 )
			( 0.0106480001 0.6649019718 )
			( 0.8332265019 0.086392045 )
			( 0.329123497 0.1753280163 )
			( 0.8323795199 0.3269724846 )
			( 0.0103424992 0.1762424707 )
			( 0.678204 0.0875054598 )
			( 0.3304705024 0.6643384695 )
			( 0.8327040076 0.2510280013 )
			( 0.8343369961 0.0119709969 )
			( 0.9914753437 0.9853491187 )
			( 0.6520439982 0.9785249829 )
			( 0.6528040171 0.664485991 )
			( 0.6788625121 0.0901769996 )
			( 0.8251692653 0.4992692471 )
			( 0.9897509813 0.4846230149 )
			( 0.0105940001 0.9784730077 )
			( 0.650164485 0.1742739677 )
			( 0.6773790121 0.3296470046 )
			( 0.9885900021 0.2443119884 )
		}
		numFaces 32
		faces {
			11 1 5 40 3 35 0 -1 ( 0.6974765062 -0.0001824498 -0.7166075706 ) ( 0.6974765062 -0.0001824498 -0.7166075706 ) ( 0.6974765062 -0.0001824498 -0.7166075706 ) 
			1 11 8 3 40 4 0 -1 ( 0.6974765062 -0.0001824498 -0.7166075706 ) ( 0.6974765062 -0.0001824498 -0.7166075706 ) ( 0.6974765658 -0.0001824498 -0.7166075706 ) 
			0 6 4 37 2 30 0 -1 ( -0.6965330839 0.0028547694 0.7175189853 ) ( -0.6965330839 0.0028547696 0.7175190449 ) ( -0.6965330839 0.0028547696 0.7175190449 ) 
			10 4 6 34 30 2 0 -1 ( -0.6965330839 0.0028547696 0.7175190449 ) ( -0.6965330839 0.0028547696 0.7175190449 ) ( -0.6965330839 0.0028547696 0.7175190449 ) 
			14 11 17 7 33 31 0 -1 ( 0.0006533986 -0.0279092155 0.9996102452 ) ( 0.0006533986 -0.0279092211 0.9996102452 ) ( 0.0006533986 -0.0279092211 0.9996102452 ) 
			11 14 7 33 7 6 0 -1 ( 0.0006533986 -0.0279092211 0.9996102452 ) ( 0.0006533986 -0.0279092155 0.9996102452 ) ( 0.0006533986 -0.0279092211 0.9996102452 ) 
			23 2 19 29 10 9 0 -1 ( -0.0002082093 0.0341423266 0.9994169474 ) ( -0.0002082093 0.0341423266 0.9994169474 ) ( -0.0002082093 0.0341423266 0.9994169474 ) 
			2 23 5 10 29 35 0 -1 ( -0.0002082093 0.0341423266 0.9994169474 ) ( -0.0002082093 0.0341423266 0.9994169474 ) ( -0.0002082093 0.0341423228 0.9994169474 ) 
			20 13 17 13 12 31 0 -1 ( -0.8519668579 0.0421594121 -0.5218955874 ) ( -0.8519669175 0.0421594158 -0.5218955874 ) ( -0.8519668579 0.0421594121 -0.5218955874 ) 
			20 17 23 13 31 45 0 -1 ( -0.8519668579 0.0421594121 -0.5218955874 ) ( -0.8519668579 0.0421594121 -0.5218955874 ) ( -0.8519669175 0.0421594158 -0.5218955874 ) 
			16 18 22 32 11 28 0 -1 ( 0.8520318866 -0.0461872406 0.5214483738 ) ( 0.8520318866 -0.0461872369 0.5214483738 ) ( 0.8520318866 -0.0461872332 0.5214483738 ) 
			18 16 12 11 32 36 0 -1 ( 0.8520318866 -0.0461872369 0.5214483738 ) ( 0.8520318866 -0.0461872406 0.5214483738 ) ( 0.8520318866 -0.0461872332 0.5214483738 ) 
			25 26 27 25 24 22 0 -1 ( 0.0025419209 -0.0017483042 -0.9999952316 ) ( 0.0025419211 -0.0017483042 -0.9999952316 ) ( 0.0025419211 -0.0017483042 -0.9999952316 ) 
			26 25 24 24 25 38 0 -1 ( 0.0025419211 -0.0017483042 -0.9999952316 ) ( 0.0025419209 -0.0017483042 -0.9999952316 ) ( 0.0025419211 -0.0017483043 -0.9999952316 ) 
			26 23 27 16 29 44 0 -1 ( -0.0162764136 0.9997362494 -0.0162016489 ) ( -0.0162764136 0.9997362494 -0.016201647 ) ( -0.0162764136 0.9997362494 -0.016201647 ) 
			23 26 5 29 16 35 0 -1 ( -0.0162764136 0.9997362494 -0.016201647 ) ( -0.0162764136 0.9997362494 -0.0162016489 ) ( -0.0162764136 0.9997362494 -0.0162016489 ) 
			24 11 26 39 40 16 0 -1 ( -0.99992311 0.0066941101 -0.0104395151 ) ( -0.99992311 0.0066941101 -0.0104395151 ) ( -0.99992311 0.0066941106 -0.010439516 ) 
			26 11 5 16 40 35 0 -1 ( -0.99992311 0.0066941106 -0.010439516 ) ( -0.99992311 0.0066941101 -0.0104395151 ) ( -0.99992311 0.0066941096 -0.0104395142 ) 
			23 25 27 45 15 23 0 -1 ( 0.9999520779 -0.0073123467 -0.0065104524 ) ( 0.9999520779 -0.0073123472 -0.0065104533 ) ( 0.9999520779 -0.0073123472 -0.0065104528 ) 
			25 23 17 15 45 31 0 -1 ( 0.9999520779 -0.0073123472 -0.0065104533 ) ( 0.9999520779 -0.0073123467 -0.0065104524 ) ( 0.9999520779 -0.0073123467 -0.0065104528 ) 
			25 17 11 15 31 33 0 -1 ( 0.0090095205 -0.9998890162 -0.0118657118 ) ( 0.0090095215 -0.9998890162 -0.0118657136 ) ( 0.0090095215 -0.9998890162 -0.0118657127 ) 
			25 11 24 15 33 14 0 -1 ( 0.0090095205 -0.9998890162 -0.0118657118 ) ( 0.0090095215 -0.9998890162 -0.0118657127 ) ( 0.0090095215 -0.9998890162 -0.0118657136 ) 
			21 28 31 8 19 47 0 -1 ( 0.0120665478 -0.9998394251 0.0132491188 ) ( 0.0120665468 -0.9998394251 0.0132491179 ) ( 0.0120665468 -0.9998394251 0.0132491169 ) 
			28 21 3 19 8 0 0 -1 ( 0.0120665468 -0.9998394251 0.0132491179 ) ( 0.0120665478 -0.9998394251 0.0132491188 ) ( 0.0120665478 -0.9998394251 0.0132491179 ) 
			15 31 30 5 21 20 0 -1 ( -0.9999981523 0.0013806075 0.0013419194 ) ( -0.9999981523 0.0013806076 0.0013419195 ) ( -0.9999981523 0.0013806076 0.0013419194 ) 
			31 15 21 21 5 46 0 -1 ( -0.9999981523 0.0013806076 0.0013419195 ) ( -0.9999981523 0.0013806075 0.0013419194 ) ( -0.9999981523 0.0013806077 0.0013419196 ) 
			15 30 9 5 20 1 0 -1 ( -0.0014581374 0.999998033 0.0013584297 ) ( -0.0014581372 0.999998033 0.0013584296 ) ( -0.0014581373 0.999998033 0.0013584298 ) 
			30 29 9 20 43 1 0 -1 ( -0.0014581372 0.999998033 0.0013584296 ) ( -0.0014581374 0.999998033 0.0013584297 ) ( -0.0014581373 0.999998033 0.0013584298 ) 
			9 28 3 41 19 0 0 -1 ( 0.9995321631 -0.0209304523 0.0223010965 ) ( 0.9995321631 -0.0209304541 0.0223010983 ) ( 0.9995321631 -0.0209304523 0.0223010983 ) 
			28 9 29 19 41 18 0 -1 ( 0.9995321631 -0.0209304541 0.0223010983 ) ( 0.9995321631 -0.0209304523 0.0223010965 ) ( 0.9995321631 -0.0209304504 0.0223010983 ) 
			30 31 28 27 26 17 0 -1 ( -0.0059446534 0.0059353649 0.9999647141 ) ( -0.0059446529 0.0059353649 0.9999647141 ) ( -0.0059446534 0.0059353649 0.9999647141 ) 
			30 28 29 27 17 42 0 -1 ( -0.0059446534 0.0059353649 0.9999647141 ) ( -0.0059446534 0.0059353649 0.9999647141 ) ( -0.0059446525 0.0059353644 0.9999647141 ) 
		}
	}
}
