MESH 1
numJoints 0
numMaterials 1
materials {
	"CardboardBox_mat" "D:/PolyPixel/P4/Products/Industrial City/Working Files/Source//IndustrialCity/Textures/CardboardBox_A.tga" "" ""
}
numSubMeshes 1
subMeshes {
	subMesh "CardboardBox_VarC_LOD1" 0 {
		hasMaterial true
		hasNormals true
		hasTangents false
		hasVertexColors false
		numVerts 32
		verts {
			( -3.5823178291 32.8702697754 67.1356048584 ) 0 
			( -32.8915481567 4.6441001892 63.2630882263 ) 0 
			( -33.3388748169 33.561416626 63.1392860413 ) 0 
			( -33.3496780396 33.3694267273 64.1046981812 ) 0 
			( -32.9585456848 -2.8079147339 65.8574981689 ) 0 
			( -3.4703397751 -33.2956237793 62.730304718 ) 0 
			( -33.3735656738 -33.7103805542 63.1394500732 ) 0 
			( -33.3843231201 -33.7214050293 64.1049041748 ) 0 
			( 1.3758070469 -32.9833145142 66.7010650635 ) 0 
			( 32.7282981873 -2.8079147339 63.9148292542 ) 0 
			( 33.5514373779 -33.6156959534 63.1394386292 ) 0 
			( 33.5060844421 -33.3712539673 64.1049041748 ) 0 
			( 32.9949951172 -33.882358551 64.1042022705 ) 0 
			( 32.9119644165 4.6441001892 66.3130645752 ) 0 
			( 1.3758070469 32.9709014893 62.8588104248 ) 0 
			( 33.1744537354 33.5650253296 64.1044082642 ) 0 
			( 33.5060882568 33.2333831787 64.1044998169 ) 0 
			( 33.4752197266 33.7570571899 63.1388778687 ) 0 
			( 33.8069839478 33.4254455566 63.1391487122 ) 0 
			( -33.124004364 -33.4608230591 -0.9374988675 ) 0 
			( 32.4391937256 -32.3627548218 -0.9786941409 ) 0 
			( -32.2727737427 31.280632019 0.2364682257 ) 0 
			( 33.3219070435 33.4109420776 -0.8855104446 ) 0 
			( -29.5524215698 30.7749214172 0.7309612036 ) 0 
			( -32.1913528442 -32.1817016602 0.1156321615 ) 0 
			( 32.0859909058 -32.0894088745 0.1192697436 ) 0 
			( 32.1744613647 32.2802124023 0.1156596839 ) 0 
			( 33.6894683838 33.2163505554 19.5258903503 ) 0 
			( -32.2198638916 32.3229522705 63.1194801331 ) 0 
			( 32.259979248 32.3704299927 63.1222038269 ) 0 
			( 32.1703300476 -32.1737442017 63.1222457886 ) 0 
			( -32.2858123779 -32.2682495117 63.1222000122 ) 0 
		}
		numTVerts 50
		tverts {
			( 0.3299944997 0.6711350083 )
			( 0.6527500153 0.6712459922 )
			( 0.3336629868 0.5095139742 )
			( 0.6515700221 0.5096189976 )
			( 0.3298864961 0.1821720004 )
			( 0.3268620074 0.1753929853 )
			( 0.0120430002 0.0232899785 )
			( 0.3247050047 0.0218849778 )
			( 0.0092200004 0.6718220115 )
			( 0.6500250101 0.1819930077 )
			( 0.0116339996 0.5103180408 )
			( 0.3270519972 0.509739995 )
			( 0.3325020075 0.0217260122 )
			( 0.6475909948 0.0212360024 )
			( 0.0121439993 0.4881024957 )
			( 0.3307909966 0.4880985022 )
			( 0.3350294828 0.9784709811 )
			( 0.6528890133 0.4880639911 )
			( 0.8235712647 0.650252521 )
			( 0.679172039 0.2450754642 )
			( 0.8350640535 0.2450779676 )
			( 0.8332054615 0.4846235514 )
			( 0.6764190197 0.4846199751 )
			( 0.6495440006 0.3904500008 )
			( 0.8341352344 0.0908135176 )
			( 0.6769319773 0.3315659761 )
			( 0.8335795403 0.3315069675 )
			( 0.6787884831 0.0920289755 )
			( 0.6703175306 0.6669874787 )
			( 0.6486999989 0.4880589843 )
			( 0.9858034849 0.673986733 )
			( 0.67657727 0.9822827578 )
			( 0.990914464 0.985653758 )
			( 0.6742662787 0.6540794969 )
			( 0.6727507114 0.5009702444 )
			( 0.6490870118 0.175023973 )
			( 0.0106480001 0.6649019718 )
			( 0.3313849866 0.1752629876 )
			( 0.0103424992 0.1762424707 )
			( 0.3304705024 0.6643384695 )
			( 0.0104435002 0.1835105419 )
			( 0.6520439982 0.9785249829 )
			( 0.6528040171 0.664485991 )
			( 0.9898830056 0.3313789964 )
			( 0.8251692653 0.4992692471 )
			( 0.9897509813 0.4846230149 )
			( 0.0105940001 0.9784730077 )
			( 0.6522729993 0.1820210218 )
			( 0.9895285368 0.0921404958 )
			( 0.9885900021 0.2443119884 )
		}
		numFaces 31
		faces {
			0 7 5 2 42 3 0 -1 ( -0.027767187 -0.0330425128 0.999068141 ) ( -0.0277671888 -0.0330425166 0.999068141 ) ( -0.027767187 -0.0330425128 0.999068141 ) 
			7 0 3 42 2 39 0 -1 ( -0.0277671888 -0.0330425166 0.999068141 ) ( -0.027767187 -0.0330425128 0.999068141 ) ( -0.027767187 -0.0330425128 0.999068141 ) 
			12 4 7 5 6 38 0 -1 ( 0.0146781383 -0.025245063 0.9995735288 ) ( 0.0146781402 -0.025245063 0.9995735288 ) ( 0.0146781411 -0.0252450667 0.9995735288 ) 
			4 12 9 6 5 7 0 -1 ( 0.0146781402 -0.025245063 0.9995735288 ) ( 0.0146781383 -0.025245063 0.9995735288 ) ( 0.0146781392 -0.0252450611 0.9995735288 ) 
			15 1 13 36 11 10 0 -1 ( -0.0230688863 0.0236231796 0.9994547367 ) ( -0.0230688881 0.0236231834 0.9994547367 ) ( -0.0230688863 0.0236231796 0.9994547367 ) 
			1 15 3 11 36 39 0 -1 ( -0.0230688881 0.0236231834 0.9994547367 ) ( -0.0230688863 0.0236231796 0.9994547367 ) ( -0.0230688881 0.0236231815 0.9994547367 ) 
			16 8 11 35 12 37 0 -1 ( 0.0210583732 0.028969733 0.9993584156 ) ( 0.0210583732 0.028969733 0.9993584156 ) ( 0.0210583732 0.028969733 0.9993584156 ) 
			8 16 14 12 35 13 0 -1 ( 0.0210583732 0.028969733 0.9993584156 ) ( 0.0210583732 0.028969733 0.9993584156 ) ( 0.021058375 0.0289697312 0.9993584156 ) 
			22 17 27 17 47 23 0 -1 ( 0.6979371905 0.7161382437 -0.0054501183 ) ( 0.6979371905 0.7161381841 -0.0054501183 ) ( 0.6979371905 0.7161381841 -0.0054501179 ) 
			18 27 17 9 23 47 0 -1 ( 0.6979371905 0.7161382437 -0.0054501183 ) ( 0.6979371905 0.7161381841 -0.0054501179 ) ( 0.6979371905 0.7161381841 -0.0054501183 ) 
			22 20 21 28 31 30 0 -1 ( -0.0091096405 0.0098289922 -0.9999101758 ) ( -0.0091096405 0.0098289941 -0.9999101758 ) ( -0.0091096405 0.0098289931 -0.9999101758 ) 
			20 19 21 31 32 30 0 -1 ( -0.0091096405 0.0098289941 -0.9999101758 ) ( -0.0091096405 0.0098289931 -0.9999101758 ) ( -0.0091096405 0.0098289931 -0.9999101758 ) 
			19 6 21 41 1 16 0 -1 ( -0.9999220371 0.0068035149 -0.0104692215 ) ( -0.9999220371 0.0068035149 -0.0104692234 ) ( -0.9999220371 0.0068035144 -0.0104692215 ) 
			21 6 2 16 1 0 0 -1 ( -0.9999220371 0.0068035144 -0.0104692215 ) ( -0.9999220371 0.0068035149 -0.0104692234 ) ( -0.9999220371 0.0068035144 -0.0104692224 ) 
			27 20 22 23 15 29 0 -1 ( 0.9998694062 -0.0101773189 -0.012553365 ) ( 0.9998694062 -0.010177318 -0.012553364 ) ( 0.9998694062 -0.010177318 -0.0125533659 ) 
			20 27 10 15 23 4 0 -1 ( 0.9998694062 -0.010177318 -0.012553364 ) ( 0.9998694062 -0.0101773189 -0.012553365 ) ( 0.9998694062 -0.010177318 -0.012553364 ) 
			18 10 27 9 4 23 0 -1 ( 0.9998694062 -0.0101773199 -0.012553365 ) ( 0.9998694062 -0.010177318 -0.012553364 ) ( 0.9998694062 -0.0101773189 -0.012553365 ) 
			20 6 19 15 40 14 0 -1 ( 0.0089980559 -0.9998901486 -0.0117797172 ) ( 0.0089980559 -0.9998901486 -0.0117797181 ) ( 0.008998055 -0.9998901486 -0.0117797172 ) 
			6 20 10 40 15 4 0 -1 ( 0.0089980559 -0.9998901486 -0.0117797181 ) ( 0.0089980559 -0.9998901486 -0.0117797172 ) ( 0.0089980559 -0.9998901486 -0.0117797181 ) 
			17 21 2 8 16 0 0 -1 ( -0.0177363157 0.9996259809 -0.0208158661 ) ( -0.0177363195 0.9996259809 -0.0208158698 ) ( -0.0177363157 0.9996259809 -0.0208158679 ) 
			21 17 22 16 8 46 0 -1 ( -0.0177363195 0.9996259809 -0.0208158698 ) ( -0.0177363157 0.9996259809 -0.0208158661 ) ( -0.0177363157 0.9996259809 -0.0208158661 ) 
			29 23 26 48 20 49 0 -1 ( 0.0123659801 -0.9998348355 0.0133171268 ) ( 0.0123659801 -0.9998348355 0.0133171249 ) ( 0.012365981 -0.9998348355 0.0133171268 ) 
			23 29 28 20 48 24 0 -1 ( 0.0123659801 -0.9998348355 0.0133171249 ) ( 0.0123659801 -0.9998348355 0.0133171268 ) ( 0.012365981 -0.9998348355 0.0133171268 ) 
			26 30 29 22 26 25 0 -1 ( -0.9999981523 0.0013817805 0.0013479026 ) ( -0.9999981523 0.0013817807 0.0013479028 ) ( -0.9999981523 0.0013817805 0.0013479028 ) 
			30 26 25 26 22 21 0 -1 ( -0.9999981523 0.0013817807 0.0013479028 ) ( -0.9999981523 0.0013817805 0.0013479026 ) ( -0.9999981523 0.0013817806 0.0013479029 ) 
			30 25 24 26 21 45 0 -1 ( -0.0014510811 0.999998033 0.0013560292 ) ( -0.0014510811 0.999998033 0.0013560293 ) ( -0.0014510811 0.999998033 0.0013560292 ) 
			30 24 31 26 45 43 0 -1 ( -0.0014510811 0.999998033 0.0013560292 ) ( -0.0014510811 0.999998033 0.0013560292 ) ( -0.0014510812 0.999998033 0.0013560293 ) 
			31 23 28 27 20 24 0 -1 ( 0.9995251298 -0.0213036519 0.0222634356 ) ( 0.9995251298 -0.02130365 0.0222634338 ) ( 0.9995251298 -0.02130365 0.0222634338 ) 
			23 31 24 20 27 19 0 -1 ( 0.9995251298 -0.02130365 0.0222634338 ) ( 0.9995251298 -0.0213036519 0.0222634356 ) ( 0.9995251298 -0.02130365 0.0222634319 ) 
			25 26 23 34 33 18 0 -1 ( 0.004916443 -0.0049095405 0.9999758601 ) ( 0.0049164435 -0.004909541 0.9999758601 ) ( 0.004916443 -0.0049095405 0.9999758601 ) 
			25 23 24 34 18 44 0 -1 ( 0.004916443 -0.0049095405 0.9999758601 ) ( 0.004916443 -0.0049095405 0.9999758601 ) ( 0.0049164435 -0.004909541 0.9999758601 ) 
		}
	}
}
